598,687,676,638,639,685,671,660,635,1
547,672,667,605,616,672,665,659,637,1
482,650,652,501,610,673,424,645,628,1
331,583,636,339,474,674,263,367,598,1
290,348,582,258,246,534,190,189,306,1
280,291,397,447,181,335,557,171,186,1
326,433,263,331,471,235,216,520,222,1
110,454,437,117,279,540,93,170,465,1
76,151,408,88,77,298,72,70,119,1
73,98,206,95,54,151,95,43,63,1
96,74,113,130,50,95,169,45,43,1
224,94,65,342,73,64,371,98,37,1
388,273,82,415,276,93,391,277,65,1
474,346,260,483,270,319,471,255,192,1
590,435,258,636,347,264,681,395,191,1
619,632,334,657,590,362,706,650,372,1
619,670,587,669,635,637,713,674,610,1
612,670,636,679,653,679,714,679,630,1
613,675,654,686,662,694,710,675,633,1